import numpy as np
import os

def process_array(string):
    return np.fromstring(string, dtype=float, sep=' ').reshape(-1,4)

def save_cubature_rules(rules,path='cubature_rules/'):
    """Saves cubature rules"""
    for kind, dict in rules.items():
        np.savez(path+kind,dict)

def build_cubature_rules():
    """Builds cubature rules"""
    def fill_dict(string,kind,deg):
        if kind not in rules: rules[kind] = {}
        rules[kind][deg] = process_array(string)
    rules = {}

    ### Cubature rules obtained from:
    ### https://www.math.unipd.it/~alvise/SETS_CUBATURE_TRIANGLE/rules_triangle.html
    ## 7 pts
    # degree 3
    _7pts = """3.33333333333333314829616256247391e-01 3.33333333333333314829616256247391e-01 3.33333333333333314829616256247391e-01 4.50000000000000011102230246251565e-01
                0.00000000000000000000000000000000e+00 0.00000000000000000000000000000000e+00 1.00000000000000000000000000000000e+00 5.00000000000000027755575615628914e-02
                0.00000000000000000000000000000000e+00 1.00000000000000000000000000000000e+00 0.00000000000000000000000000000000e+00 5.00000000000000027755575615628914e-02
                1.00000000000000000000000000000000e+00 0.00000000000000000000000000000000e+00 0.00000000000000000000000000000000e+00 5.00000000000000027755575615628914e-02
                5.00000000000000000000000000000000e-01 5.00000000000000000000000000000000e-01 0.00000000000000000000000000000000e+00 1.33333333333333331482961625624739e-01
                5.00000000000000000000000000000000e-01 0.00000000000000000000000000000000e+00 5.00000000000000000000000000000000e-01 1.33333333333333331482961625624739e-01
                0.00000000000000000000000000000000e+00 5.00000000000000000000000000000000e-01 5.00000000000000000000000000000000e-01 1.33333333333333331482961625624739e-01"""
    fill_dict(_7pts,'7pts',3)

    ## Albrecht Collatz
    # degree 3
    alb_col = """5.00000000000000000000000000000000e-01 5.00000000000000000000000000000000e-01 0.00000000000000000000000000000000e+00 3.33333333333333328707404064061848e-02
                5.00000000000000000000000000000000e-01 0.00000000000000000000000000000000e+00 5.00000000000000000000000000000000e-01 3.33333333333333328707404064061848e-02
                0.00000000000000000000000000000000e+00 5.00000000000000000000000000000000e-01 5.00000000000000000000000000000000e-01 3.33333333333333328707404064061848e-02
                1.66666666666666657414808128123695e-01 1.66666666666666657414808128123695e-01 6.66666666666666740681534975010436e-01 2.99999999999999988897769753748435e-01
                1.66666666666666657414808128123695e-01 6.66666666666666740681534975010436e-01 1.66666666666666657414808128123695e-01 2.99999999999999988897769753748435e-01
                6.66666666666666740681534975010436e-01 1.66666666666666657414808128123695e-01 1.66666666666666657414808128123695e-01 2.99999999999999988897769753748435e-01"""
    fill_dict(alb_col,'alb_col',3)

    ## Berntsen Espelid I
    # degree 13
    bern_esp1 = """3.33333333333334314030338418888277e-01 3.33333333333333314829616256247391e-01 3.33333333333332315628894093606505e-01 5.17397660657436322950708529333497e-02
                2.48621685379472150134727570502946e-02 2.48621685379472982801996039370351e-02 9.50275662924105479767433735105442e-01 8.00779955556481931600032453388849e-03
                2.48621685379472878718587480761926e-02 9.50275662924105479767433735105442e-01 2.48621685379472046051319011894520e-02 8.00779955556481064238294464985302e-03
                9.50275662924105590789736197621096e-01 2.48621685379472462384953246328223e-02 2.48621685379471629717684777460818e-02 8.00779955556481064238294464985302e-03
                4.14192542538081631686708306006039e-01 4.14192542538082963954337856193888e-01 1.71614914923835348847802606542245e-01 4.68688989818213247451339498184097e-02
                4.14192542538082519865128006131272e-01 1.71614914923835931714890534749429e-01 4.14192542538081465153254612232558e-01 4.68688989818217063842986647159705e-02
                1.71614914923837541538276241226413e-01 4.14192542538080854530591068396461e-01 4.14192542538081631686708306006039e-01 4.68688989818212137228314873027557e-02
                2.30293878161405368709679919447808e-01 2.30293878161404785842591991240624e-01 5.39412243677189873203303704940481e-01 4.65909401839763037678210366721032e-02
                2.30293878161404841353743222498451e-01 5.39412243677190428314816017518751e-01 2.30293878161404785842591991240624e-01 4.65909401839763523400783640227019e-02
                5.39412243677190428314816017518751e-01 2.30293878161405701776587306994770e-01 2.30293878161403869908596675486478e-01 4.65909401839763176456088444865600e-02
                1.13919981661733796252100603396684e-01 1.13919981661733282773951714261784e-01 7.72160036676532879340584258898161e-01 3.10169433137963274083048759166559e-02
                1.13919981661733130118285828302760e-01 7.72160036676532768318281796382507e-01 1.13919981661734115441220183129190e-01 3.10169433137963759805622032672545e-02
                7.72160036676532657295979333866853e-01 1.13919981661733740740949372138857e-01 1.13919981661733601963071293994290e-01 3.10169433137964141444786747570106e-02
                4.95457300025082814087795668456238e-01 4.95457300025081370797863655752735e-01 9.08539994983581511434067579102702e-03 1.07916127366315256486117846179695e-02
                4.95457300025082314487434587135795e-01 9.08539994983518540971889621005175e-03 4.95457300025082425509737049651449e-01 1.07916127366311960511513490246216e-02
                9.08539994983653502458320616597121e-03 4.95457300025082703065493205940584e-01 4.95457300025080815686351343174465e-01 1.07916127366321432101692323612951e-02
                4.68861354847055933348087819467764e-01 4.68861354847056488459600132046035e-01 6.22772903058875781923120484862011e-02 3.21955342424315657523514744298154e-02
                4.68861354847056377437297669530381e-01 6.22772903058870230807997359079309e-02 4.68861354847056599481902594561689e-01 3.21955342424318502470015346261789e-02
                6.22772903058894586325600073450914e-02 4.68861354847054767613911963053397e-01 4.68861354847055766814634125694283e-01 3.21955342424317253469112642960681e-02
                2.20762896536242717027143100949615e-02 8.51306504174348832592045255296398e-01 1.26617206172026874888558722886955e-01 1.54458342107014791333430281383698e-02
                2.20762896536244174194862921467575e-02 1.26617206172027291222192957320658e-01 8.51306504174348277480532942718128e-01 1.54458342107016179112211062829374e-02
                8.51306504174348499525137867749436e-01 2.20762896536243861944637245642298e-02 1.26617206172027124688739263547177e-01 1.54458342107016005639863465148665e-02
                8.51306504174348610547440330265090e-01 1.26617206172027013666436801031523e-01 2.20762896536243757861228687033872e-02 1.54458342107015537264524951410749e-02
                1.26617206172026985910861185402609e-01 2.20762896536242959888429737702609e-02 8.51306504174348721569742792780744e-01 1.54458342107015277056003554889685e-02
                1.26617206172027318977768572949572e-01 8.51306504174348166458230480202474e-01 2.20762896536245145640009468479548e-02 1.54458342107016630140314816799219e-02
                1.86205228025211784459447272865873e-02 6.89441970728591591033307395264274e-01 2.91937506468887275623558252846124e-01 1.78229899231788189994940552196567e-02
                1.86205228025210639541953128173191e-02 2.91937506468888219313129184229183e-01 6.89441970728590813877190157654695e-01 1.78229899231787808355775837299007e-02
                6.89441970728590924899492620170349e-01 1.86205228025211853848386311938157e-02 2.91937506468887886246221796682221e-01 1.78229899231788502245166228021844e-02
                6.89441970728591591033307395264274e-01 2.91937506468887497668163177877432e-01 1.86205228025209112985294268582948e-02 1.78229899231786247104647458172622e-02
                2.91937506468887608690465640393086e-01 1.86205228025210917097709284462326e-02 6.89441970728591257966400007717311e-01 1.78229899231787669577897759154439e-02
                2.91937506468888330335431646744837e-01 6.89441970728590813877190157654695e-01 1.86205228025209112985294268582948e-02 1.78229899231786385882525536317189e-02
                9.65064812921596626438258681446314e-02 6.35867859433871918106717657792615e-01 2.67625659273968419249456474062754e-01 3.70386836813846251348358862287569e-02
                9.65064812921597597883405228458287e-02 2.67625659273967198004129386390559e-01 6.35867859433873028329742282949155e-01 3.70386836813847569738200604660960e-02
                6.35867859433872362195927507855231e-01 9.65064812921599957107332556915935e-02 2.67625659273967642093339236453176e-01 3.70386836813847777905017721877812e-02
                6.35867859433872695262834895402193e-01 2.67625659273968308227154011547100e-01 9.65064812921589965100110930507071e-02 3.70386836813845835014724627853866e-02
                2.67625659273967919649095392742311e-01 9.65064812921596210104624447012611e-02 6.35867859433872473218229970370885e-01 3.70386836813846598293054057648988e-02
                2.67625659273967253515280617648386e-01 6.35867859433873583441254595527425e-01 9.65064812921592185546160180820152e-02 3.70386836813846875848810213938123e-02"""
    fill_dict(bern_esp1,'bern_esp1',13)

    ## Berntsen Espelid II
    # degree 13
    bern_esp2 = """3.33333333333333314829616256247391e-01 3.33333333333333314829616256247391e-01 3.33333333333333314829616256247391e-01 5.51414014459616838581546005570999e-02
                0.00000000000000000000000000000000e+00 0.00000000000000000000000000000000e+00 1.00000000000000000000000000000000e+00 1.11425204553221645573926265604392e-05
                0.00000000000000000000000000000000e+00 1.00000000000000000000000000000000e+00 0.00000000000000000000000000000000e+00 1.11425204553221645573926265604392e-05
                1.00000000000000000000000000000000e+00 0.00000000000000000000000000000000e+00 0.00000000000000000000000000000000e+00 1.11425204553221645573926265604392e-05
                2.49786406333912733290780749939586e-02 2.49786406333912733290780749939586e-02 9.50042718733217439464056042197626e-01 8.01933068147050662211050564565085e-03
                2.49786406333912733290780749939586e-02 9.50042718733217439464056042197626e-01 2.49786406333912733290780749939586e-02 8.01933068147050662211050564565085e-03
                9.50042718733217439464056042197626e-01 2.49786406333912733290780749939586e-02 2.49786406333912733290780749939586e-02 8.01933068147050662211050564565085e-03
                4.74489920436516832147333389002597e-01 4.74489920436516832147333389002597e-01 5.10201591269663357053332219948061e-02 3.34292167792217889688011212001584e-02
                4.74489920436516832147333389002597e-01 5.10201591269663357053332219948061e-02 4.74489920436516832147333389002597e-01 3.34292167792217889688011212001584e-02
                5.10201591269663357053332219948061e-02 4.74489920436516832147333389002597e-01 4.74489920436516832147333389002597e-01 3.34292167792217889688011212001584e-02
                2.30836272600280445477238799867337e-01 2.30836272600280445477238799867337e-01 5.38327454799439109045522400265327e-01 4.69665889308991807427062781243876e-02
                2.30836272600280445477238799867337e-01 5.38327454799439109045522400265327e-01 2.30836272600280445477238799867337e-01 4.69665889308991807427062781243876e-02
                5.38327454799439109045522400265327e-01 2.30836272600280445477238799867337e-01 2.30836272600280445477238799867337e-01 4.69665889308991807427062781243876e-02
                1.14080598593243459637491810099164e-01 1.14080598593243459637491810099164e-01 7.71838802813513025213865148543846e-01 3.10791694856030059623819283842749e-02
                1.14080598593243459637491810099164e-01 7.71838802813513025213865148543846e-01 1.14080598593243459637491810099164e-01 3.10791694856030059623819283842749e-02
                7.71838802813513025213865148543846e-01 1.14080598593243459637491810099164e-01 1.14080598593243459637491810099164e-01 3.10791694856030059623819283842749e-02
                4.17965185286509721684922169515630e-01 4.17965185286509721684922169515630e-01 1.64069629426980556630155660968740e-01 4.89479425551612237765830570879189e-02
                4.17965185286509721684922169515630e-01 1.64069629426980556630155660968740e-01 4.17965185286509721684922169515630e-01 4.89479425551612237765830570879189e-02
                1.64069629426980556630155660968740e-01 4.17965185286509721684922169515630e-01 4.17965185286509721684922169515630e-01 4.89479425551612237765830570879189e-02
                5.00000000000000000000000000000000e-01 5.00000000000000000000000000000000e-01 0.00000000000000000000000000000000e+00 5.88445960133870960007129724544939e-03
                5.00000000000000000000000000000000e-01 0.00000000000000000000000000000000e+00 5.00000000000000000000000000000000e-01 5.88445960133870960007129724544939e-03
                0.00000000000000000000000000000000e+00 5.00000000000000000000000000000000e-01 5.00000000000000000000000000000000e-01 5.88445960133870960007129724544939e-03
                2.20762896536244035416984843323007e-02 8.51306504174348499525137867749436e-01 1.26617206172027096933163647918263e-01 1.54458342107015866861985387004097e-02
                2.20762896536244035416984843323007e-02 1.26617206172027096933163647918263e-01 8.51306504174348499525137867749436e-01 1.54458342107015866861985387004097e-02
                8.51306504174348499525137867749436e-01 2.20762896536244035416984843323007e-02 1.26617206172027096933163647918263e-01 1.54458342107015866861985387004097e-02
                8.51306504174348499525137867749436e-01 1.26617206172027096933163647918263e-01 2.20762896536244035416984843323007e-02 1.54458342107015866861985387004097e-02
                1.26617206172027096933163647918263e-01 2.20762896536244035416984843323007e-02 8.51306504174348499525137867749436e-01 1.54458342107015866861985387004097e-02
                1.26617206172027096933163647918263e-01 8.51306504174348499525137867749436e-01 2.20762896536244035416984843323007e-02 1.54458342107015866861985387004097e-02
                1.86205228025209702791276100697360e-02 6.89441970728591257966400007717311e-01 2.91937506468887719712768102908740e-01 1.78229899231786663438281692606324e-02
                1.86205228025209702791276100697360e-02 2.91937506468887719712768102908740e-01 6.89441970728591257966400007717311e-01 1.78229899231786663438281692606324e-02
                6.89441970728591257966400007717311e-01 1.86205228025209702791276100697360e-02 2.91937506468887719712768102908740e-01 1.78229899231786663438281692606324e-02
                6.89441970728591257966400007717311e-01 2.91937506468887719712768102908740e-01 1.86205228025209702791276100697360e-02 1.78229899231786663438281692606324e-02
                2.91937506468887719712768102908740e-01 1.86205228025209702791276100697360e-02 6.89441970728591257966400007717311e-01 1.78229899231786663438281692606324e-02
                2.91937506468887719712768102908740e-01 6.89441970728591257966400007717311e-01 1.86205228025209702791276100697360e-02 1.78229899231786663438281692606324e-02
                9.65064812921592324324038258964720e-02 6.35867859433872806285137357917847e-01 2.67625659273967975160246624000138e-01 3.70386836813846320737297901359852e-02
                9.65064812921592324324038258964720e-02 2.67625659273967975160246624000138e-01 6.35867859433872806285137357917847e-01 3.70386836813846320737297901359852e-02
                6.35867859433872806285137357917847e-01 9.65064812921592324324038258964720e-02 2.67625659273967975160246624000138e-01 3.70386836813846320737297901359852e-02
                6.35867859433872806285137357917847e-01 2.67625659273967975160246624000138e-01 9.65064812921592324324038258964720e-02 3.70386836813846320737297901359852e-02
                2.67625659273967975160246624000138e-01 9.65064812921592324324038258964720e-02 6.35867859433872806285137357917847e-01 3.70386836813846320737297901359852e-02
                2.67625659273967975160246624000138e-01 6.35867859433872806285137357917847e-01 9.65064812921592324324038258964720e-02 3.70386836813846320737297901359852e-02"""
    fill_dict(bern_esp2,'bern_esp2',13)

    ## Berntsen Espelid IV
    # degree 13
    bern_esp4 = """3.33333333333333314829616256247391e-01 3.33333333333333314829616256247391e-01 3.33333333333333314829616256247391e-01 5.51414014459616838581546005570999e-02
                0.00000000000000000000000000000000e+00 0.00000000000000000000000000000000e+00 1.00000000000000000000000000000000e+00 1.11425204553221645573926265604392e-05
                0.00000000000000000000000000000000e+00 1.00000000000000000000000000000000e+00 0.00000000000000000000000000000000e+00 1.11425204553221645573926265604392e-05
                1.00000000000000000000000000000000e+00 0.00000000000000000000000000000000e+00 0.00000000000000000000000000000000e+00 1.11425204553221645573926265604392e-05
                2.49786406333912733290780749939586e-02 2.49786406333912733290780749939586e-02 9.50042718733217439464056042197626e-01 8.01933068147050662211050564565085e-03
                2.49786406333912733290780749939586e-02 9.50042718733217439464056042197626e-01 2.49786406333912733290780749939586e-02 8.01933068147050662211050564565085e-03
                9.50042718733217439464056042197626e-01 2.49786406333912733290780749939586e-02 2.49786406333912733290780749939586e-02 8.01933068147050662211050564565085e-03
                4.74489920436516832147333389002597e-01 4.74489920436516832147333389002597e-01 5.10201591269663357053332219948061e-02 3.34292167792217889688011212001584e-02
                4.74489920436516832147333389002597e-01 5.10201591269663357053332219948061e-02 4.74489920436516832147333389002597e-01 3.34292167792217889688011212001584e-02
                5.10201591269663357053332219948061e-02 4.74489920436516832147333389002597e-01 4.74489920436516832147333389002597e-01 3.34292167792217889688011212001584e-02
                2.30836272600280445477238799867337e-01 2.30836272600280445477238799867337e-01 5.38327454799439109045522400265327e-01 4.69665889308991807427062781243876e-02
                2.30836272600280445477238799867337e-01 5.38327454799439109045522400265327e-01 2.30836272600280445477238799867337e-01 4.69665889308991807427062781243876e-02
                5.38327454799439109045522400265327e-01 2.30836272600280445477238799867337e-01 2.30836272600280445477238799867337e-01 4.69665889308991807427062781243876e-02
                1.14080598593243459637491810099164e-01 1.14080598593243459637491810099164e-01 7.71838802813513025213865148543846e-01 3.10791694856030059623819283842749e-02
                1.14080598593243459637491810099164e-01 7.71838802813513025213865148543846e-01 1.14080598593243459637491810099164e-01 3.10791694856030059623819283842749e-02
                7.71838802813513025213865148543846e-01 1.14080598593243459637491810099164e-01 1.14080598593243459637491810099164e-01 3.10791694856030059623819283842749e-02
                4.17965185286509721684922169515630e-01 4.17965185286509721684922169515630e-01 1.64069629426980556630155660968740e-01 4.89479425551612237765830570879189e-02
                4.17965185286509721684922169515630e-01 1.64069629426980556630155660968740e-01 4.17965185286509721684922169515630e-01 4.89479425551612237765830570879189e-02
                1.64069629426980556630155660968740e-01 4.17965185286509721684922169515630e-01 4.17965185286509721684922169515630e-01 4.89479425551612237765830570879189e-02
                5.00000000000000000000000000000000e-01 5.00000000000000000000000000000000e-01 0.00000000000000000000000000000000e+00 5.88445960133870960007129724544939e-03
                5.00000000000000000000000000000000e-01 0.00000000000000000000000000000000e+00 5.00000000000000000000000000000000e-01 5.88445960133870960007129724544939e-03
                0.00000000000000000000000000000000e+00 5.00000000000000000000000000000000e-01 5.00000000000000000000000000000000e-01 5.88445960133870960007129724544939e-03
                2.20762896536244035416984843323007e-02 8.51306504174348499525137867749436e-01 1.26617206172027096933163647918263e-01 1.54458342107015866861985387004097e-02
                2.20762896536244035416984843323007e-02 1.26617206172027096933163647918263e-01 8.51306504174348499525137867749436e-01 1.54458342107015866861985387004097e-02
                8.51306504174348499525137867749436e-01 2.20762896536244035416984843323007e-02 1.26617206172027096933163647918263e-01 1.54458342107015866861985387004097e-02
                8.51306504174348499525137867749436e-01 1.26617206172027096933163647918263e-01 2.20762896536244035416984843323007e-02 1.54458342107015866861985387004097e-02
                1.26617206172027096933163647918263e-01 2.20762896536244035416984843323007e-02 8.51306504174348499525137867749436e-01 1.54458342107015866861985387004097e-02
                1.26617206172027096933163647918263e-01 8.51306504174348499525137867749436e-01 2.20762896536244035416984843323007e-02 1.54458342107015866861985387004097e-02
                1.86205228025209702791276100697360e-02 6.89441970728591257966400007717311e-01 2.91937506468887719712768102908740e-01 1.78229899231786663438281692606324e-02
                1.86205228025209702791276100697360e-02 2.91937506468887719712768102908740e-01 6.89441970728591257966400007717311e-01 1.78229899231786663438281692606324e-02
                6.89441970728591257966400007717311e-01 1.86205228025209702791276100697360e-02 2.91937506468887719712768102908740e-01 1.78229899231786663438281692606324e-02
                6.89441970728591257966400007717311e-01 2.91937506468887719712768102908740e-01 1.86205228025209702791276100697360e-02 1.78229899231786663438281692606324e-02
                2.91937506468887719712768102908740e-01 1.86205228025209702791276100697360e-02 6.89441970728591257966400007717311e-01 1.78229899231786663438281692606324e-02
                2.91937506468887719712768102908740e-01 6.89441970728591257966400007717311e-01 1.86205228025209702791276100697360e-02 1.78229899231786663438281692606324e-02
                9.65064812921592324324038258964720e-02 6.35867859433872806285137357917847e-01 2.67625659273967975160246624000138e-01 3.70386836813846320737297901359852e-02
                9.65064812921592324324038258964720e-02 2.67625659273967975160246624000138e-01 6.35867859433872806285137357917847e-01 3.70386836813846320737297901359852e-02
                6.35867859433872806285137357917847e-01 9.65064812921592324324038258964720e-02 2.67625659273967975160246624000138e-01 3.70386836813846320737297901359852e-02
                6.35867859433872806285137357917847e-01 2.67625659273967975160246624000138e-01 9.65064812921592324324038258964720e-02 3.70386836813846320737297901359852e-02
                2.67625659273967975160246624000138e-01 9.65064812921592324324038258964720e-02 6.35867859433872806285137357917847e-01 3.70386836813846320737297901359852e-02
                2.67625659273967975160246624000138e-01 6.35867859433872806285137357917847e-01 9.65064812921592324324038258964720e-02 3.70386836813846320737297901359852e-02"""
    fill_dict(bern_esp4,'bern_esp4',13)

    ## Cowper
    # degree 2
    cowper_2 = """5.00000000000000000000000000000000e-01 5.00000000000000000000000000000000e-01 0.00000000000000000000000000000000e+00 3.33333333333333314829616256247391e-01
                5.00000000000000000000000000000000e-01 0.00000000000000000000000000000000e+00 5.00000000000000000000000000000000e-01 3.33333333333333314829616256247391e-01
                0.00000000000000000000000000000000e+00 5.00000000000000000000000000000000e-01 5.00000000000000000000000000000000e-01 3.33333333333333314829616256247391e-01"""
    fill_dict(cowper_2,'cowper',2)
    # degree 3
    cowper_3 = """3.33333333333333314829616256247391e-01 3.33333333333333314829616256247391e-01 3.33333333333333314829616256247391e-01 -5.62500000000000000000000000000000e-01
                2.00000000000000011102230246251565e-01 2.00000000000000011102230246251565e-01 5.99999999999999977795539507496869e-01 5.20833333333333370340767487505218e-01
                2.00000000000000011102230246251565e-01 5.99999999999999977795539507496869e-01 2.00000000000000011102230246251565e-01 5.20833333333333370340767487505218e-01
                5.99999999999999977795539507496869e-01 2.00000000000000011102230246251565e-01 2.00000000000000011102230246251565e-01 5.20833333333333370340767487505218e-01"""
    fill_dict(cowper_3,'cowper',3)
    # degree 4
    cowper_4 = """9.15762135097710067155318824916321e-02 9.15762135097710067155318824916321e-02 8.16847572980457958813360619387822e-01 1.09951743655322120574169275641907e-01
                9.15762135097710067155318824916321e-02 8.16847572980457958813360619387822e-01 9.15762135097710067155318824916321e-02 1.09951743655322120574169275641907e-01
                8.16847572980457958813360619387822e-01 9.15762135097710067155318824916321e-02 9.15762135097710067155318824916321e-02 1.09951743655322120574169275641907e-01
                4.45948490915965001235576892213430e-01 4.45948490915965001235576892213430e-01 1.08103018168069997528846215573139e-01 2.23381589678011249766598211863311e-01
                4.45948490915965001235576892213430e-01 1.08103018168069997528846215573139e-01 4.45948490915965001235576892213430e-01 2.23381589678011249766598211863311e-01
                1.08103018168069997528846215573139e-01 4.45948490915965001235576892213430e-01 4.45948490915965001235576892213430e-01 2.23381589678011249766598211863311e-01"""
    fill_dict(cowper_4,'cowper',4)
    # degree 5
    cowper_5 = """3.33333333333333314829616256247391e-01 3.33333333333333314829616256247391e-01 3.33333333333333314829616256247391e-01 2.25000000000000005551115123125783e-01
                1.01286507323456329010546994595643e-01 1.01286507323456329010546994595643e-01 7.97426985353087314223330395179801e-01 1.25939180544827167285149016606738e-01
                1.01286507323456329010546994595643e-01 7.97426985353087314223330395179801e-01 1.01286507323456329010546994595643e-01 1.25939180544827167285149016606738e-01
                7.97426985353087314223330395179801e-01 1.01286507323456329010546994595643e-01 1.01286507323456329010546994595643e-01 1.25939180544827167285149016606738e-01
                4.70142064105115053962435922585428e-01 4.70142064105115053962435922585428e-01 5.97158717897698920751281548291445e-02 1.32394152788506164197812609018001e-01
                4.70142064105115053962435922585428e-01 5.97158717897698920751281548291445e-02 4.70142064105115053962435922585428e-01 1.32394152788506164197812609018001e-01
                5.97158717897698920751281548291445e-02 4.70142064105115053962435922585428e-01 4.70142064105115053962435922585428e-01 1.32394152788506164197812609018001e-01"""
    fill_dict(cowper_5,'cowper',5)
    # degree 6
    cowper_6 = """6.30890144915020045779385782225290e-02 6.30890144915020045779385782225290e-02 8.73821971016995990844122843554942e-01 5.08449063702068951298151944229176e-02
                6.30890144915020045779385782225290e-02 8.73821971016995990844122843554942e-01 6.30890144915020045779385782225290e-02 5.08449063702068951298151944229176e-02
                8.73821971016995990844122843554942e-01 6.30890144915020045779385782225290e-02 6.30890144915020045779385782225290e-02 5.08449063702068951298151944229176e-02
                2.49286745170910012392440080475353e-01 2.49286745170910012392440080475353e-01 5.01426509658180030726271070307121e-01 1.16786275726378757644496886314300e-01
                2.49286745170910012392440080475353e-01 5.01426509658180030726271070307121e-01 2.49286745170910012392440080475353e-01 1.16786275726378757644496886314300e-01
                5.01426509658180030726271070307121e-01 2.49286745170910012392440080475353e-01 2.49286745170910012392440080475353e-01 1.16786275726378757644496886314300e-01
                6.36502499121399001325016797636636e-01 3.10352451033785003975395966335782e-01 5.31450498448159946995872360275825e-02 8.28510756183738344970990397087007e-02
                6.36502499121399001325016797636636e-01 5.31450498448159946995872360275825e-02 3.10352451033785003975395966335782e-01 8.28510756183738344970990397087007e-02
                3.10352451033785003975395966335782e-01 6.36502499121399001325016797636636e-01 5.31450498448159946995872360275825e-02 8.28510756183738344970990397087007e-02
                3.10352451033785003975395966335782e-01 5.31450498448159946995872360275825e-02 6.36502499121399001325016797636636e-01 8.28510756183738344970990397087007e-02
                5.31450498448159946995872360275825e-02 6.36502499121399001325016797636636e-01 3.10352451033785003975395966335782e-01 8.28510756183738344970990397087007e-02
                5.31450498448159946995872360275825e-02 3.10352451033785003975395966335782e-01 6.36502499121399001325016797636636e-01 8.28510756183738344970990397087007e-02"""
    fill_dict(cowper_6,'cowper',6)
    # degree 7
    cowper_7 = """3.33333333333333314829616256247391e-01 3.33333333333333314829616256247391e-01 3.33333333333333314829616256247391e-01 -1.49570044467669832632950033257657e-01
                2.60345966079037982598975986547885e-01 2.60345966079037982598975986547885e-01 4.79308067841924034802048026904231e-01 1.75615257433203802994725606367865e-01
                2.60345966079037982598975986547885e-01 4.79308067841924034802048026904231e-01 2.60345966079037982598975986547885e-01 1.75615257433203802994725606367865e-01
                4.79308067841924034802048026904231e-01 2.60345966079037982598975986547885e-01 2.60345966079037982598975986547885e-01 1.75615257433203802994725606367865e-01
                6.51301029022160055115264754022064e-02 6.51301029022160055115264754022064e-02 8.69739794195568016732522664824501e-01 5.33472356088389373929281589425955e-02
                6.51301029022160055115264754022064e-02 8.69739794195568016732522664824501e-01 6.51301029022160055115264754022064e-02 5.33472356088389373929281589425955e-02
                8.69739794195568016732522664824501e-01 6.51301029022160055115264754022064e-02 6.51301029022160055115264754022064e-02 5.33472356088389373929281589425955e-02
                6.38444188569809001343458021437982e-01 3.12865496004875009994350421038689e-01 4.86903154253159886621915575233288e-02 7.71137608902569132718340938481560e-02
                6.38444188569809001343458021437982e-01 4.86903154253159886621915575233288e-02 3.12865496004875009994350421038689e-01 7.71137608902569132718340938481560e-02
                3.12865496004875009994350421038689e-01 6.38444188569809001343458021437982e-01 4.86903154253159886621915575233288e-02 7.71137608902569132718340938481560e-02
                3.12865496004875009994350421038689e-01 4.86903154253159886621915575233288e-02 6.38444188569809001343458021437982e-01 7.71137608902569132718340938481560e-02
                4.86903154253159886621915575233288e-02 6.38444188569809001343458021437982e-01 3.12865496004875009994350421038689e-01 7.71137608902569132718340938481560e-02
                4.86903154253159886621915575233288e-02 3.12865496004875009994350421038689e-01 6.38444188569809001343458021437982e-01 7.71137608902569132718340938481560e-02"""
    fill_dict(cowper_7,'cowper',7)

    ## Day Taylor
    # degree 6
    day_taylor = """5.72549866774768601018763547472190e-02 8.95498146789879490015096052957233e-01 4.72468665326436498830275922955479e-02 3.80680718529555969786848379499133e-02
                8.95362640024579103936730462010019e-01 6.18282212503219533172860167269391e-02 4.28091387250989427459835212630423e-02 3.83793553077528201700197030277195e-02
                6.84475748456514043738252439652570e-01 2.33437384976827311255931363120908e-02 2.92180513045803225136154424035340e-01 4.62004567445618366527959608447418e-02
                6.87462559150295304810640573123237e-02 6.00302757472630024726534259116306e-02 8.71223468337707362962873958167620e-01 5.34675894441989998928654870269384e-02
                6.15676205575839574635210738051683e-01 3.33461808341377174969011321081780e-01 5.08619860827832503957779408665374e-02 8.37558269657456833101605297997594e-02
                6.27946141197789464705181217141217e-01 1.59189185992151482906820092466660e-01 2.12864672810059052387998690392124e-01 1.01644833025517064561960012269992e-01
                6.29091383418635685664810353046050e-02 6.55295093705452469379224567092024e-01 2.81795767952683906543143166345544e-01 1.01861524461366953486773923032160e-01
                6.83782119205099125913704938284354e-02 3.09117685428267230385301900241757e-01 6.22504102651222912534478837187635e-01 1.11421831660001705022189355531737e-01
                2.87529458374392254960127957019722e-01 6.36426509179620181200220940809231e-01 7.60440324459875638396511021710467e-02 1.12009450262946064214020225335844e-01
                3.28783556413134614437865366198821e-01 7.70240056424634222942415817669826e-02 5.94192437944401907756741820776369e-01 1.24787571437558322817729106191109e-01
                3.12290405013644800646943622268736e-01 3.52344786445899504911949406960048e-01 3.35364808540455694441106970771216e-01 1.88403488837394827992710588659975e-01"""
    fill_dict(day_taylor,'day_taylor',6)

    ## Dedoncker Robinson
    # degree 9
    dedon_rob_9 = """3.33333333333335313231060581529164e-01 3.33333333333331371939323162223445e-01 3.33333333333333370340767487505218e-01 9.71357962827988641318910367772332e-02
                4.89682519198736121435189261319465e-01 4.89682519198739119037355749242124e-01 2.06349616025247040163037581805838e-02 3.13347002271390021044261686711252e-02
                4.89682519198737009613608961444697e-01 2.06349616025244576855701694739764e-02 4.89682519198738452903540974148200e-01 3.13347002271386829153065889386198e-02
                2.06349616025248740192044039076791e-02 4.89682519198738286370087280374719e-01 4.89682519198736843080155267671216e-01 3.13347002271392935379701327747171e-02
                4.37089591492937801220364235632587e-01 4.37089591492935525263163754061679e-01 1.25820817014126673516472010305733e-01 7.78275410047742643993018418768770e-02
                4.37089591492937856731515466890414e-01 1.25820817014125480026720538262452e-01 4.37089591492936690997339610476047e-01 7.78275410047739035768188387010014e-02
                1.25820817014127672717194172946620e-01 4.37089591492935636285466216577333e-01 4.37089591492936635486188379218220e-01 7.78275410047747084885116919394932e-02
                1.88203535619033551773426893305441e-01 1.88203535619031997461192418086284e-01 6.23592928761934395254229457350448e-01 7.96477389272102626049942841746088e-02
                1.88203535619033968107061127739144e-01 6.23592928761932840941994982131291e-01 1.88203535619033246462095121387392e-01 7.96477389272104846495992092059168e-02
                6.23592928761936171611068857600912e-01 1.88203535619031553371982568023668e-01 1.88203535619032275016948574375419e-01 7.96477389272100128048137435143872e-02
                4.47295133944526565605848134055123e-02 4.47295133944527745217811798283947e-02 9.10540973211094617489891334116692e-01 2.55776756586980277830001284655737e-02
                4.47295133944526010494335821476852e-02 9.10540973211094728512193796632346e-01 4.47295133944526357439031016838271e-02 2.55776756586979202301446179035338e-02
                9.10540973211094395445286409085384e-01 4.47295133944528439107202189006784e-02 4.47295133944527606439933720139379e-02 2.55776756586981422747495429348419e-02
                7.41198598784497897362655294273281e-01 3.68384120547358973052354258470587e-02 2.21962989160766205332109279879660e-01 4.32835393772890222874316634715797e-02
                7.41198598784497564295747906726319e-01 2.21962989160766371865562973653141e-01 3.68384120547360638386891196205397e-02 4.32835393772892373931426845956594e-02
                3.68384120547366814002465673638653e-02 7.41198598784498008384957756788936e-01 2.21962989160765289398113964125514e-01 4.32835393772897439323976698233309e-02
                3.68384120547364454778538345181005e-02 2.21962989160765927776353123590525e-01 7.41198598784497564295747906726319e-01 4.32835393772896120934134955859918e-02
                2.21962989160765011842357807836379e-01 7.41198598784498452474167606851552e-01 3.68384120547364801723233540542424e-02 4.32835393772895010711110330703377e-02
                2.21962989160765372664840811012255e-01 3.68384120547361540443098704145086e-02 7.41198598784498452474167606851552e-01 4.32835393772891541264158377089188e-02"""
    fill_dict(dedon_rob_9,'dedon_rob',9)
    # degree 11
    dedon_rob_11 = """3.33333333333333370340767487505218e-01 3.33333333333333425851918718763045e-01 3.33333333333333203807313793731737e-01 8.79773011622321798874679643631680e-02
                2.59891409282874893960091355893383e-02 2.59891409282874859265621836357241e-02 9.48021718143424951819042689749040e-01 8.74431155373607202352381762011646e-03
                2.59891409282874304154109523778970e-02 9.48021718143425173863647614780348e-01 2.59891409282874130681761926098261e-02 8.74431155373604600267167796801004e-03
                9.48021718143425173863647614780348e-01 2.59891409282874234765170484706687e-02 2.59891409282874026598353367489835e-02 8.74431155373606161518296175927389e-03
                9.42875026479227801301519207299862e-02 9.42875026479226968634250738432456e-02 8.11424994704154523006423005426768e-01 3.80815719939349567324526901757054e-02
                9.42875026479225719633348035131348e-02 8.11424994704154745051027930458076e-01 9.42875026479226274744860347709619e-02 3.80815719939349567324526901757054e-02
                8.11424994704154523006423005426768e-01 9.42875026479226691078494582143321e-02 9.42875026479228078857275363588997e-02 3.80815719939349497935587862684770e-02
                4.94636775017213814464867027709261e-01 4.94636775017213869976018258967088e-01 1.07264499655723155591147133236518e-02 1.88554480561312354236491728443070e-02
                4.94636775017213869976018258967088e-01 1.07264499655723381105199010221440e-02 4.94636775017213869976018258967088e-01 1.88554480561312527708839326123780e-02
                1.07264499655723311716259971149157e-02 4.94636775017213758953715796451434e-01 4.94636775017213869976018258967088e-01 1.88554480561312458319900287051496e-02
                2.07343382614511406725199549327954e-01 2.07343382614511434480775164956867e-01 5.85313234770977075527298438828439e-01 7.21596975447395122538196687855816e-02
                2.07343382614511351214048318070127e-01 5.85313234770977297571903363859747e-01 2.07343382614511351214048318070127e-01 7.21596975447394983760318609711248e-02
                5.85313234770977186549600901344093e-01 2.07343382614511434480775164956867e-01 2.07343382614511378969623933699040e-01 7.21596975447395122538196687855816e-02
                4.38907805700492037459525818121620e-01 4.38907805700492203992979511895101e-01 1.22184388599015758547494669983280e-01 6.93291387055358920843417536161724e-02
                4.38907805700492092970677049379447e-01 1.22184388599015855692009324684477e-01 4.38907805700492092970677049379447e-01 6.93291387055358782065539458017156e-02
                1.22184388599015869569797132498934e-01 4.38907805700492203992979511895101e-01 4.38907805700491870926072124348138e-01 6.93291387055358920843417536161724e-02
                6.77937654882590057248137327405857e-01 4.48416775891305116608087644181069e-02 2.77220667528279451907735619897721e-01 4.10563154292885659768508332945203e-02
                6.77937654882590057248137327405857e-01 2.77220667528279396396584388639894e-01 4.48416775891305463552782839542488e-02 4.10563154292885659768508332945203e-02
